{
 "cells": [
  {
   "cell_type": "markdown",
   "metadata": {},
   "source": [
    "# PuLP で組み合わせ問題 (Set Partitioning Problem) を解く  \n",
    "\n",
    "PuLP は Python で線形計画 (Linear Programing) 問題をモデル化し、ソルバーで解くためのツールです。  \n",
    "\n",
    "- [coin-or/pulp: A python Linear Programming API](https://github.com/coin-or/pulp)  \n",
    "- [Optimization with PuLP](https://coin-or.github.io/pulp/)  \n",
    "- [pulp: Pulp classes](https://coin-or.github.io/pulp/technical/pulp.html)  \n",
    "\n",
    "Anaconda Cloud ではパッケージは公開されていませんので、`pip install pulp` でインストールしてください。  "
   ]
  },
  {
   "cell_type": "markdown",
   "metadata": {},
   "source": [
    "## 問題  \n",
    "\n",
    "あるパーティの席割を検討しています。条件は、\n",
    "\n",
    "- 参加者数は 18 名  \n",
    "- テーブルは 5 つ  \n",
    "- 各テーブルに参加者を 1 名以上、4 名以下を割り当てる  \n",
    "\n",
    "です。この条件下で、各テーブルの幸福度の総和を最大化したいと考えています。幸福度は、    \n",
    "\n",
    "- 参加者同士は 0 以上 1 未満の相性度というパラメータを持っている (大きいほど相性がよい)  \n",
    "- 各テーブルに割り当てられた参加者同士の最も低い相性度をそのテーブルの幸福度とする\n",
    "\n",
    "で求められるものとします。  "
   ]
  },
  {
   "cell_type": "code",
   "execution_count": 1,
   "metadata": {},
   "outputs": [],
   "source": [
    "# 必要なモジュールのインポート\n",
    "import pulp\n",
    "from pulp import LpProblem, LpMaximize, LpVariable, \\\n",
    "                 LpInteger, lpSum\n",
    "import numpy as np\n",
    "import pandas as pd\n",
    "import itertools"
   ]
  },
  {
   "cell_type": "code",
   "execution_count": 2,
   "metadata": {},
   "outputs": [],
   "source": [
    "# 乱数のシード値を指定\n",
    "np.random.seed(0)"
   ]
  },
  {
   "cell_type": "code",
   "execution_count": 3,
   "metadata": {},
   "outputs": [
    {
     "name": "stdout",
     "output_type": "stream",
     "text": [
      "出席者数: 18 人\n"
     ]
    }
   ],
   "source": [
    "max_tables = 5\n",
    "max_table_size = 4\n",
    "guests = \"A B C D E F G H I J K L M N O P Q R\".split()\n",
    "num_guests = len(guests)\n",
    "print(\"出席者数: {} 人\".format(num_guests))"
   ]
  },
  {
   "cell_type": "code",
   "execution_count": 4,
   "metadata": {},
   "outputs": [],
   "source": [
    "# 各個人間の相性度を作成する\n",
    "# 対角成分が 0 で、それ以外は 0 以上 1 未満の値の対称行列とする\n",
    "a = np.round(np.random.rand(num_guests**2), 4).reshape(num_guests, -1)\n",
    "a_tri = np.triu(a)  # 上側に値を持つ三角行列\n",
    "affinity = a_tri + a_tri.T - 2*np.diag(a_tri.diagonal())"
   ]
  },
  {
   "cell_type": "code",
   "execution_count": 5,
   "metadata": {},
   "outputs": [
    {
     "data": {
      "text/html": [
       "<div>\n",
       "<style scoped>\n",
       "    .dataframe tbody tr th:only-of-type {\n",
       "        vertical-align: middle;\n",
       "    }\n",
       "\n",
       "    .dataframe tbody tr th {\n",
       "        vertical-align: top;\n",
       "    }\n",
       "\n",
       "    .dataframe thead th {\n",
       "        text-align: right;\n",
       "    }\n",
       "</style>\n",
       "<table border=\"1\" class=\"dataframe\">\n",
       "  <thead>\n",
       "    <tr style=\"text-align: right;\">\n",
       "      <th></th>\n",
       "      <th>A</th>\n",
       "      <th>B</th>\n",
       "      <th>C</th>\n",
       "      <th>D</th>\n",
       "      <th>E</th>\n",
       "      <th>F</th>\n",
       "      <th>G</th>\n",
       "      <th>H</th>\n",
       "      <th>I</th>\n",
       "      <th>J</th>\n",
       "      <th>K</th>\n",
       "      <th>L</th>\n",
       "      <th>M</th>\n",
       "      <th>N</th>\n",
       "      <th>O</th>\n",
       "      <th>P</th>\n",
       "      <th>Q</th>\n",
       "      <th>R</th>\n",
       "    </tr>\n",
       "  </thead>\n",
       "  <tbody>\n",
       "    <tr>\n",
       "      <th>A</th>\n",
       "      <td>0.0000</td>\n",
       "      <td>0.7152</td>\n",
       "      <td>0.6028</td>\n",
       "      <td>0.5449</td>\n",
       "      <td>0.4237</td>\n",
       "      <td>0.6459</td>\n",
       "      <td>0.4376</td>\n",
       "      <td>0.8918</td>\n",
       "      <td>0.9637</td>\n",
       "      <td>0.3834</td>\n",
       "      <td>0.7917</td>\n",
       "      <td>0.5289</td>\n",
       "      <td>0.5680</td>\n",
       "      <td>0.9256</td>\n",
       "      <td>0.0710</td>\n",
       "      <td>0.0871</td>\n",
       "      <td>0.0202</td>\n",
       "      <td>0.8326</td>\n",
       "    </tr>\n",
       "    <tr>\n",
       "      <th>B</th>\n",
       "      <td>0.7152</td>\n",
       "      <td>0.0000</td>\n",
       "      <td>0.9786</td>\n",
       "      <td>0.7992</td>\n",
       "      <td>0.4615</td>\n",
       "      <td>0.7805</td>\n",
       "      <td>0.1183</td>\n",
       "      <td>0.6399</td>\n",
       "      <td>0.1434</td>\n",
       "      <td>0.9447</td>\n",
       "      <td>0.5218</td>\n",
       "      <td>0.4147</td>\n",
       "      <td>0.2646</td>\n",
       "      <td>0.7742</td>\n",
       "      <td>0.4562</td>\n",
       "      <td>0.5684</td>\n",
       "      <td>0.0188</td>\n",
       "      <td>0.6176</td>\n",
       "    </tr>\n",
       "    <tr>\n",
       "      <th>C</th>\n",
       "      <td>0.6028</td>\n",
       "      <td>0.9786</td>\n",
       "      <td>0.0000</td>\n",
       "      <td>0.6818</td>\n",
       "      <td>0.3595</td>\n",
       "      <td>0.4370</td>\n",
       "      <td>0.6976</td>\n",
       "      <td>0.0602</td>\n",
       "      <td>0.6668</td>\n",
       "      <td>0.6706</td>\n",
       "      <td>0.2104</td>\n",
       "      <td>0.1289</td>\n",
       "      <td>0.3154</td>\n",
       "      <td>0.3637</td>\n",
       "      <td>0.5702</td>\n",
       "      <td>0.4386</td>\n",
       "      <td>0.9884</td>\n",
       "      <td>0.1020</td>\n",
       "    </tr>\n",
       "    <tr>\n",
       "      <th>D</th>\n",
       "      <td>0.5449</td>\n",
       "      <td>0.7992</td>\n",
       "      <td>0.6818</td>\n",
       "      <td>0.0000</td>\n",
       "      <td>0.4663</td>\n",
       "      <td>0.2444</td>\n",
       "      <td>0.1590</td>\n",
       "      <td>0.1104</td>\n",
       "      <td>0.6563</td>\n",
       "      <td>0.1382</td>\n",
       "      <td>0.1966</td>\n",
       "      <td>0.3687</td>\n",
       "      <td>0.8210</td>\n",
       "      <td>0.0971</td>\n",
       "      <td>0.8379</td>\n",
       "      <td>0.0961</td>\n",
       "      <td>0.9765</td>\n",
       "      <td>0.4687</td>\n",
       "    </tr>\n",
       "    <tr>\n",
       "      <th>E</th>\n",
       "      <td>0.4237</td>\n",
       "      <td>0.4615</td>\n",
       "      <td>0.3595</td>\n",
       "      <td>0.4663</td>\n",
       "      <td>0.0000</td>\n",
       "      <td>0.1202</td>\n",
       "      <td>0.2961</td>\n",
       "      <td>0.1187</td>\n",
       "      <td>0.3180</td>\n",
       "      <td>0.4143</td>\n",
       "      <td>0.0641</td>\n",
       "      <td>0.6925</td>\n",
       "      <td>0.5666</td>\n",
       "      <td>0.2654</td>\n",
       "      <td>0.5232</td>\n",
       "      <td>0.0939</td>\n",
       "      <td>0.5759</td>\n",
       "      <td>0.9293</td>\n",
       "    </tr>\n",
       "    <tr>\n",
       "      <th>F</th>\n",
       "      <td>0.6459</td>\n",
       "      <td>0.7805</td>\n",
       "      <td>0.4370</td>\n",
       "      <td>0.2444</td>\n",
       "      <td>0.1202</td>\n",
       "      <td>0.0000</td>\n",
       "      <td>0.5865</td>\n",
       "      <td>0.0201</td>\n",
       "      <td>0.8289</td>\n",
       "      <td>0.0047</td>\n",
       "      <td>0.6778</td>\n",
       "      <td>0.2700</td>\n",
       "      <td>0.7352</td>\n",
       "      <td>0.9622</td>\n",
       "      <td>0.2488</td>\n",
       "      <td>0.5762</td>\n",
       "      <td>0.5920</td>\n",
       "      <td>0.5723</td>\n",
       "    </tr>\n",
       "    <tr>\n",
       "      <th>G</th>\n",
       "      <td>0.4376</td>\n",
       "      <td>0.1183</td>\n",
       "      <td>0.6976</td>\n",
       "      <td>0.1590</td>\n",
       "      <td>0.2961</td>\n",
       "      <td>0.5865</td>\n",
       "      <td>0.0000</td>\n",
       "      <td>0.3965</td>\n",
       "      <td>0.8811</td>\n",
       "      <td>0.5813</td>\n",
       "      <td>0.8817</td>\n",
       "      <td>0.6925</td>\n",
       "      <td>0.7253</td>\n",
       "      <td>0.5013</td>\n",
       "      <td>0.9561</td>\n",
       "      <td>0.6440</td>\n",
       "      <td>0.4239</td>\n",
       "      <td>0.6064</td>\n",
       "    </tr>\n",
       "    <tr>\n",
       "      <th>H</th>\n",
       "      <td>0.8918</td>\n",
       "      <td>0.6399</td>\n",
       "      <td>0.0602</td>\n",
       "      <td>0.1104</td>\n",
       "      <td>0.1187</td>\n",
       "      <td>0.0201</td>\n",
       "      <td>0.3965</td>\n",
       "      <td>0.0000</td>\n",
       "      <td>0.5700</td>\n",
       "      <td>0.5909</td>\n",
       "      <td>0.5743</td>\n",
       "      <td>0.6532</td>\n",
       "      <td>0.6521</td>\n",
       "      <td>0.4314</td>\n",
       "      <td>0.8965</td>\n",
       "      <td>0.3676</td>\n",
       "      <td>0.4359</td>\n",
       "      <td>0.8919</td>\n",
       "    </tr>\n",
       "    <tr>\n",
       "      <th>I</th>\n",
       "      <td>0.9637</td>\n",
       "      <td>0.1434</td>\n",
       "      <td>0.6668</td>\n",
       "      <td>0.6563</td>\n",
       "      <td>0.3180</td>\n",
       "      <td>0.8289</td>\n",
       "      <td>0.8811</td>\n",
       "      <td>0.5700</td>\n",
       "      <td>0.0000</td>\n",
       "      <td>0.6156</td>\n",
       "      <td>0.1238</td>\n",
       "      <td>0.8480</td>\n",
       "      <td>0.8073</td>\n",
       "      <td>0.5691</td>\n",
       "      <td>0.4072</td>\n",
       "      <td>0.0692</td>\n",
       "      <td>0.6974</td>\n",
       "      <td>0.4535</td>\n",
       "    </tr>\n",
       "    <tr>\n",
       "      <th>J</th>\n",
       "      <td>0.3834</td>\n",
       "      <td>0.9447</td>\n",
       "      <td>0.6706</td>\n",
       "      <td>0.1382</td>\n",
       "      <td>0.4143</td>\n",
       "      <td>0.0047</td>\n",
       "      <td>0.5813</td>\n",
       "      <td>0.5909</td>\n",
       "      <td>0.6156</td>\n",
       "      <td>0.0000</td>\n",
       "      <td>0.2000</td>\n",
       "      <td>0.0185</td>\n",
       "      <td>0.7937</td>\n",
       "      <td>0.2239</td>\n",
       "      <td>0.3454</td>\n",
       "      <td>0.9281</td>\n",
       "      <td>0.7044</td>\n",
       "      <td>0.0318</td>\n",
       "    </tr>\n",
       "    <tr>\n",
       "      <th>K</th>\n",
       "      <td>0.7917</td>\n",
       "      <td>0.5218</td>\n",
       "      <td>0.2104</td>\n",
       "      <td>0.1966</td>\n",
       "      <td>0.0641</td>\n",
       "      <td>0.6778</td>\n",
       "      <td>0.8817</td>\n",
       "      <td>0.5743</td>\n",
       "      <td>0.1238</td>\n",
       "      <td>0.2000</td>\n",
       "      <td>0.0000</td>\n",
       "      <td>0.2098</td>\n",
       "      <td>0.1862</td>\n",
       "      <td>0.9444</td>\n",
       "      <td>0.7396</td>\n",
       "      <td>0.4905</td>\n",
       "      <td>0.2274</td>\n",
       "      <td>0.2544</td>\n",
       "    </tr>\n",
       "    <tr>\n",
       "      <th>L</th>\n",
       "      <td>0.5289</td>\n",
       "      <td>0.4147</td>\n",
       "      <td>0.1289</td>\n",
       "      <td>0.3687</td>\n",
       "      <td>0.6925</td>\n",
       "      <td>0.2700</td>\n",
       "      <td>0.6925</td>\n",
       "      <td>0.6532</td>\n",
       "      <td>0.8480</td>\n",
       "      <td>0.0185</td>\n",
       "      <td>0.2098</td>\n",
       "      <td>0.0000</td>\n",
       "      <td>0.9903</td>\n",
       "      <td>0.2169</td>\n",
       "      <td>0.6631</td>\n",
       "      <td>0.2633</td>\n",
       "      <td>0.0207</td>\n",
       "      <td>0.7584</td>\n",
       "    </tr>\n",
       "    <tr>\n",
       "      <th>M</th>\n",
       "      <td>0.5680</td>\n",
       "      <td>0.2646</td>\n",
       "      <td>0.3154</td>\n",
       "      <td>0.8210</td>\n",
       "      <td>0.5666</td>\n",
       "      <td>0.7352</td>\n",
       "      <td>0.7253</td>\n",
       "      <td>0.6521</td>\n",
       "      <td>0.8073</td>\n",
       "      <td>0.7937</td>\n",
       "      <td>0.1862</td>\n",
       "      <td>0.9903</td>\n",
       "      <td>0.0000</td>\n",
       "      <td>0.7309</td>\n",
       "      <td>0.2539</td>\n",
       "      <td>0.2133</td>\n",
       "      <td>0.5182</td>\n",
       "      <td>0.0257</td>\n",
       "    </tr>\n",
       "    <tr>\n",
       "      <th>N</th>\n",
       "      <td>0.9256</td>\n",
       "      <td>0.7742</td>\n",
       "      <td>0.3637</td>\n",
       "      <td>0.0971</td>\n",
       "      <td>0.2654</td>\n",
       "      <td>0.9622</td>\n",
       "      <td>0.5013</td>\n",
       "      <td>0.4314</td>\n",
       "      <td>0.5691</td>\n",
       "      <td>0.2239</td>\n",
       "      <td>0.9444</td>\n",
       "      <td>0.2169</td>\n",
       "      <td>0.7309</td>\n",
       "      <td>0.0000</td>\n",
       "      <td>0.1448</td>\n",
       "      <td>0.4881</td>\n",
       "      <td>0.3556</td>\n",
       "      <td>0.9404</td>\n",
       "    </tr>\n",
       "    <tr>\n",
       "      <th>O</th>\n",
       "      <td>0.0710</td>\n",
       "      <td>0.4562</td>\n",
       "      <td>0.5702</td>\n",
       "      <td>0.8379</td>\n",
       "      <td>0.5232</td>\n",
       "      <td>0.2488</td>\n",
       "      <td>0.9561</td>\n",
       "      <td>0.8965</td>\n",
       "      <td>0.4072</td>\n",
       "      <td>0.3454</td>\n",
       "      <td>0.7396</td>\n",
       "      <td>0.6631</td>\n",
       "      <td>0.2539</td>\n",
       "      <td>0.1448</td>\n",
       "      <td>0.0000</td>\n",
       "      <td>0.5864</td>\n",
       "      <td>0.0640</td>\n",
       "      <td>0.4856</td>\n",
       "    </tr>\n",
       "    <tr>\n",
       "      <th>P</th>\n",
       "      <td>0.0871</td>\n",
       "      <td>0.5684</td>\n",
       "      <td>0.4386</td>\n",
       "      <td>0.0961</td>\n",
       "      <td>0.0939</td>\n",
       "      <td>0.5762</td>\n",
       "      <td>0.6440</td>\n",
       "      <td>0.3676</td>\n",
       "      <td>0.0692</td>\n",
       "      <td>0.9281</td>\n",
       "      <td>0.4905</td>\n",
       "      <td>0.2633</td>\n",
       "      <td>0.2133</td>\n",
       "      <td>0.4881</td>\n",
       "      <td>0.5864</td>\n",
       "      <td>0.0000</td>\n",
       "      <td>0.9818</td>\n",
       "      <td>0.4784</td>\n",
       "    </tr>\n",
       "    <tr>\n",
       "      <th>Q</th>\n",
       "      <td>0.0202</td>\n",
       "      <td>0.0188</td>\n",
       "      <td>0.9884</td>\n",
       "      <td>0.9765</td>\n",
       "      <td>0.5759</td>\n",
       "      <td>0.5920</td>\n",
       "      <td>0.4239</td>\n",
       "      <td>0.4359</td>\n",
       "      <td>0.6974</td>\n",
       "      <td>0.7044</td>\n",
       "      <td>0.2274</td>\n",
       "      <td>0.0207</td>\n",
       "      <td>0.5182</td>\n",
       "      <td>0.3556</td>\n",
       "      <td>0.0640</td>\n",
       "      <td>0.9818</td>\n",
       "      <td>0.0000</td>\n",
       "      <td>0.2322</td>\n",
       "    </tr>\n",
       "    <tr>\n",
       "      <th>R</th>\n",
       "      <td>0.8326</td>\n",
       "      <td>0.6176</td>\n",
       "      <td>0.1020</td>\n",
       "      <td>0.4687</td>\n",
       "      <td>0.9293</td>\n",
       "      <td>0.5723</td>\n",
       "      <td>0.6064</td>\n",
       "      <td>0.8919</td>\n",
       "      <td>0.4535</td>\n",
       "      <td>0.0318</td>\n",
       "      <td>0.2544</td>\n",
       "      <td>0.7584</td>\n",
       "      <td>0.0257</td>\n",
       "      <td>0.9404</td>\n",
       "      <td>0.4856</td>\n",
       "      <td>0.4784</td>\n",
       "      <td>0.2322</td>\n",
       "      <td>0.0000</td>\n",
       "    </tr>\n",
       "  </tbody>\n",
       "</table>\n",
       "</div>"
      ],
      "text/plain": [
       "        A       B       C       D       E       F       G       H       I  \\\n",
       "A  0.0000  0.7152  0.6028  0.5449  0.4237  0.6459  0.4376  0.8918  0.9637   \n",
       "B  0.7152  0.0000  0.9786  0.7992  0.4615  0.7805  0.1183  0.6399  0.1434   \n",
       "C  0.6028  0.9786  0.0000  0.6818  0.3595  0.4370  0.6976  0.0602  0.6668   \n",
       "D  0.5449  0.7992  0.6818  0.0000  0.4663  0.2444  0.1590  0.1104  0.6563   \n",
       "E  0.4237  0.4615  0.3595  0.4663  0.0000  0.1202  0.2961  0.1187  0.3180   \n",
       "F  0.6459  0.7805  0.4370  0.2444  0.1202  0.0000  0.5865  0.0201  0.8289   \n",
       "G  0.4376  0.1183  0.6976  0.1590  0.2961  0.5865  0.0000  0.3965  0.8811   \n",
       "H  0.8918  0.6399  0.0602  0.1104  0.1187  0.0201  0.3965  0.0000  0.5700   \n",
       "I  0.9637  0.1434  0.6668  0.6563  0.3180  0.8289  0.8811  0.5700  0.0000   \n",
       "J  0.3834  0.9447  0.6706  0.1382  0.4143  0.0047  0.5813  0.5909  0.6156   \n",
       "K  0.7917  0.5218  0.2104  0.1966  0.0641  0.6778  0.8817  0.5743  0.1238   \n",
       "L  0.5289  0.4147  0.1289  0.3687  0.6925  0.2700  0.6925  0.6532  0.8480   \n",
       "M  0.5680  0.2646  0.3154  0.8210  0.5666  0.7352  0.7253  0.6521  0.8073   \n",
       "N  0.9256  0.7742  0.3637  0.0971  0.2654  0.9622  0.5013  0.4314  0.5691   \n",
       "O  0.0710  0.4562  0.5702  0.8379  0.5232  0.2488  0.9561  0.8965  0.4072   \n",
       "P  0.0871  0.5684  0.4386  0.0961  0.0939  0.5762  0.6440  0.3676  0.0692   \n",
       "Q  0.0202  0.0188  0.9884  0.9765  0.5759  0.5920  0.4239  0.4359  0.6974   \n",
       "R  0.8326  0.6176  0.1020  0.4687  0.9293  0.5723  0.6064  0.8919  0.4535   \n",
       "\n",
       "        J       K       L       M       N       O       P       Q       R  \n",
       "A  0.3834  0.7917  0.5289  0.5680  0.9256  0.0710  0.0871  0.0202  0.8326  \n",
       "B  0.9447  0.5218  0.4147  0.2646  0.7742  0.4562  0.5684  0.0188  0.6176  \n",
       "C  0.6706  0.2104  0.1289  0.3154  0.3637  0.5702  0.4386  0.9884  0.1020  \n",
       "D  0.1382  0.1966  0.3687  0.8210  0.0971  0.8379  0.0961  0.9765  0.4687  \n",
       "E  0.4143  0.0641  0.6925  0.5666  0.2654  0.5232  0.0939  0.5759  0.9293  \n",
       "F  0.0047  0.6778  0.2700  0.7352  0.9622  0.2488  0.5762  0.5920  0.5723  \n",
       "G  0.5813  0.8817  0.6925  0.7253  0.5013  0.9561  0.6440  0.4239  0.6064  \n",
       "H  0.5909  0.5743  0.6532  0.6521  0.4314  0.8965  0.3676  0.4359  0.8919  \n",
       "I  0.6156  0.1238  0.8480  0.8073  0.5691  0.4072  0.0692  0.6974  0.4535  \n",
       "J  0.0000  0.2000  0.0185  0.7937  0.2239  0.3454  0.9281  0.7044  0.0318  \n",
       "K  0.2000  0.0000  0.2098  0.1862  0.9444  0.7396  0.4905  0.2274  0.2544  \n",
       "L  0.0185  0.2098  0.0000  0.9903  0.2169  0.6631  0.2633  0.0207  0.7584  \n",
       "M  0.7937  0.1862  0.9903  0.0000  0.7309  0.2539  0.2133  0.5182  0.0257  \n",
       "N  0.2239  0.9444  0.2169  0.7309  0.0000  0.1448  0.4881  0.3556  0.9404  \n",
       "O  0.3454  0.7396  0.6631  0.2539  0.1448  0.0000  0.5864  0.0640  0.4856  \n",
       "P  0.9281  0.4905  0.2633  0.2133  0.4881  0.5864  0.0000  0.9818  0.4784  \n",
       "Q  0.7044  0.2274  0.0207  0.5182  0.3556  0.0640  0.9818  0.0000  0.2322  \n",
       "R  0.0318  0.2544  0.7584  0.0257  0.9404  0.4856  0.4784  0.2322  0.0000  "
      ]
     },
     "execution_count": 5,
     "metadata": {},
     "output_type": "execute_result"
    }
   ],
   "source": [
    "pd.DataFrame(affinity, index=guests, columns=guests)"
   ]
  },
  {
   "cell_type": "code",
   "execution_count": 6,
   "metadata": {},
   "outputs": [
    {
     "name": "stdout",
     "output_type": "stream",
     "text": [
      "4047 通りの組み合わせが存在\n"
     ]
    }
   ],
   "source": [
    "# ひとつのテーブルに対して、起こりうるすべての席割のリストを作成\n",
    "possible_tables = [tuple(c) for c in pulp.allcombinations(guests, max_table_size)]\n",
    "print(\"{} 通りの組み合わせが存在\".format(len(possible_tables)))"
   ]
  },
  {
   "cell_type": "code",
   "execution_count": 7,
   "metadata": {},
   "outputs": [
    {
     "data": {
      "text/plain": [
       "('O', 'P', 'Q', 'R')"
      ]
     },
     "execution_count": 7,
     "metadata": {},
     "output_type": "execute_result"
    }
   ],
   "source": [
    "# 最後の要素を確認\n",
    "possible_tables[-1]"
   ]
  },
  {
   "cell_type": "code",
   "execution_count": 8,
   "metadata": {},
   "outputs": [],
   "source": [
    "# テーブルの幸福度を求める関数\n",
    "def happiness(guests: list, table: tuple, aff: np.ndarray) -> float: \n",
    "    \"\"\"\n",
    "    テーブルの幸福度を割り当てられた人のリストと相性度テーブルから取得する関数。\n",
    "    割り当てられた人から 2 人選んで最も低い相性度がそのテーブルの幸福度となる。\n",
    "    \"\"\"\n",
    "    if len(table) <= 1: return 0  # 簡易な if 式の書き方\n",
    "    \n",
    "    ret = 1\n",
    "    for c in itertools.combinations(table, 2):\n",
    "        a = aff[guests.index(c[0]), guests.index(c[1])]\n",
    "        if ret > a:\n",
    "            ret = a            \n",
    "    return ret"
   ]
  },
  {
   "cell_type": "code",
   "execution_count": 9,
   "metadata": {},
   "outputs": [
    {
     "data": {
      "text/plain": [
       "0.6028"
      ]
     },
     "execution_count": 9,
     "metadata": {},
     "output_type": "execute_result"
    }
   ],
   "source": [
    "# 関数のテスト\n",
    "happiness(guests, (\"A\", \"B\", \"C\"), affinity)"
   ]
  },
  {
   "cell_type": "code",
   "execution_count": 10,
   "metadata": {},
   "outputs": [],
   "source": [
    "# モデルの作成 目的関数を最大化する\n",
    "zaseki = pulp.LpProblem(name=\"座席割\", sense=pulp.LpMaximize)"
   ]
  },
  {
   "cell_type": "code",
   "execution_count": 11,
   "metadata": {},
   "outputs": [
    {
     "data": {
      "text/plain": [
       "4047"
      ]
     },
     "execution_count": 11,
     "metadata": {},
     "output_type": "execute_result"
    }
   ],
   "source": [
    "# その席割を使用するかどうかの 2 値 (0 または 1) の決定変数を作成\n",
    "x = pulp.LpVariable.dicts(name=\"table\", indexs=possible_tables, \n",
    "                          lowBound=0, upBound=1, cat=pulp.LpInteger)\n",
    "len(x)"
   ]
  },
  {
   "cell_type": "code",
   "execution_count": 12,
   "metadata": {},
   "outputs": [],
   "source": [
    "# 目的関数をモデルに追加\n",
    "zaseki += lpSum([happiness(guests, table, affinity) * x[table] for table in possible_tables])"
   ]
  },
  {
   "cell_type": "code",
   "execution_count": 13,
   "metadata": {},
   "outputs": [],
   "source": [
    "# 制約条件をモデルに追加\n",
    "\n",
    "# テーブル数の制限\n",
    "zaseki += lpSum([x[table] for table in possible_tables]) <= max_tables, \"Maximum_number_of_tables\"\n",
    "\n",
    "# 1 人の出席者は必ずどれかひとつのテーブルに座らなければならない\n",
    "for guest in guests:\n",
    "    zaseki += lpSum([x[table] for table in possible_tables \n",
    "                     if guest in table]) == 1, \"Must_seat_{}\".format(guest)"
   ]
  },
  {
   "cell_type": "code",
   "execution_count": 14,
   "metadata": {},
   "outputs": [
    {
     "data": {
      "text/plain": [
       "1"
      ]
     },
     "execution_count": 14,
     "metadata": {},
     "output_type": "execute_result"
    }
   ],
   "source": [
    "zaseki.solve()"
   ]
  },
  {
   "cell_type": "code",
   "execution_count": 15,
   "metadata": {},
   "outputs": [
    {
     "name": "stdout",
     "output_type": "stream",
     "text": [
      "('C', 'Q') 0.9884\n",
      "('A', 'F', 'K', 'N') 0.6459\n",
      "('B', 'H', 'J', 'P') 0.3676\n",
      "('D', 'E', 'O', 'R') 0.4663\n",
      "('G', 'I', 'L', 'M') 0.6925\n",
      "-------------------- \n",
      "幸福度の合計: 3.1607\n"
     ]
    }
   ],
   "source": [
    "# 結果の確認\n",
    "total_happiness = 0\n",
    "for table in possible_tables:\n",
    "    if pulp.value(x[table]) == 1.0:\n",
    "        h = happiness(guests, table, affinity)\n",
    "        print(table, h)\n",
    "        total_happiness += h\n",
    "\n",
    "print(\"-\"*20, \"\\n幸福度の合計: {}\".format(total_happiness))"
   ]
  },
  {
   "cell_type": "markdown",
   "metadata": {},
   "source": [
    "## 参考文献  \n",
    "\n",
    "- [A Set Partitioning Problem — PuLP 2.0 documentation](https://coin-or.github.io/pulp/CaseStudies/a_set_partitioning_problem.html)  \n",
    "- [問題解決のためのオペレーションズ・リサーチ入門｜日本評論社](https://www.nippyo.co.jp/shop/book/1404.html)  "
   ]
  }
 ],
 "metadata": {
  "kernelspec": {
   "display_name": "or",
   "language": "python",
   "name": "or"
  },
  "language_info": {
   "codemirror_mode": {
    "name": "ipython",
    "version": 3
   },
   "file_extension": ".py",
   "mimetype": "text/x-python",
   "name": "python",
   "nbconvert_exporter": "python",
   "pygments_lexer": "ipython3",
   "version": "3.7.7"
  }
 },
 "nbformat": 4,
 "nbformat_minor": 4
}
